                           Logit Regression Results                           
==============================================================================
Dep. Variable:               good_bad   No. Observations:               400000
Model:                          Logit   Df Residuals:                   399950
Method:                           MLE   Df Model:                           49
Date:                Wed, 11 Feb 2026   Pseudo R-squ.:                 0.05553
Time:                        21:12:39   Log-Likelihood:                -26408.
converged:                       True   LL-Null:                       -27961.
Covariance Type:            nonrobust   LLR p-value:                     0.000
=======================================================================================================
                                          coef    std err          z      P>|z|      [0.025      0.975]
-------------------------------------------------------------------------------------------------------
const                                   5.1539      0.718      7.176      0.000       3.746       6.561
grade:B                                -0.8044      0.713     -1.128      0.259      -2.202       0.593
grade:C                                -1.3423      0.714     -1.880      0.060      -2.741       0.057
grade:D                                -1.6839      0.714     -2.358      0.018      -3.083      -0.285
grade:E                                -1.6958      0.718     -2.363      0.018      -3.102      -0.289
grade:F_G                              -1.8985      0.721     -2.633      0.008      -3.312      -0.486
addr_state:HI_MS_OK_AL                 -0.1090      0.078     -1.390      0.164      -0.263       0.045
addr_state:NY_FL                       -0.0675      0.048     -1.397      0.162      -0.162       0.027
addr_state:NM_SD_NV                     0.0148      0.095      0.156      0.876      -0.171       0.200
addr_state:MD_MI_NC                     0.0147      0.060      0.246      0.806      -0.102       0.132
addr_state:AR                           0.0923      0.157      0.589      0.556      -0.215       0.400
addr_state:TX                           0.0696      0.060      1.160      0.246      -0.048       0.187
addr_state:WI_PA_UT_MA_MO_AZ_LA         0.0965      0.054      1.799      0.072      -0.009       0.202
addr_state:VA_OR_IN_TN_MN_NJ_GA_CO      0.2314      0.050      4.595      0.000       0.133       0.330
addr_state:RI_NH_DC_CT_MT_SC_KY         0.3778      0.078      4.849      0.000       0.225       0.531
addr_state:IL_WA                        0.3990      0.075      5.324      0.000       0.252       0.546
addr_state:NE_ND                        0.4420      0.197      2.239      0.025       0.055       0.829
addr_state:OH                           0.5299      0.102      5.178      0.000       0.329       0.731
addr_state:AK_KS_VT_WV_WY_ID_ME_DE      0.7642      0.118      6.500      0.000       0.534       0.995
verification_status:Verified           -0.3652      0.037     -9.747      0.000      -0.439      -0.292
verification_status:Source Verified    -0.2366      0.034     -6.943      0.000      -0.303      -0.170
purpose:sm_bu_mv                       -0.5064      0.082     -6.164      0.000      -0.667      -0.345
purpose:ho_mjr_prch_oth                -0.2358      0.042     -5.675      0.000      -0.317      -0.154
purpose:rnw_eng_wed                    -0.1038      0.507     -0.205      0.838      -1.098       0.891
purpose:med_car                        -0.1914      0.084     -2.284      0.022      -0.356      -0.027
purpose:vac_hm_im                      -0.0858      0.055     -1.573      0.116      -0.193       0.021
purpose:cr_crd                          0.1093      0.038      2.844      0.004       0.034       0.185
initial_list_status:f                  -0.0371      0.039     -0.940      0.347      -0.114       0.040
term:60                                 0.0654      0.032      2.053      0.040       0.003       0.128
emp_length:0                           -0.2997      0.053     -5.679      0.000      -0.403      -0.196
emp_length:1_2_3_4                     -0.1769      0.034     -5.132      0.000      -0.244      -0.109
emp_length:5_6_7                       -0.0662      0.046     -1.432      0.152      -0.157       0.024
emp_length:8_9                         -0.1314      0.064     -2.060      0.039      -0.256      -0.006
int_rate:<9                             0.7841      0.714      1.098      0.272      -0.616       2.184
int_rate:9_21                           0.5463      0.070      7.753      0.000       0.408       0.684
int_rate:22_26                          0.3771      0.073      5.179      0.000       0.234       0.520
annual_inc:<15K                         0.2043      0.124      1.652      0.098      -0.038       0.447
annual_inc:16K_89K                     -0.0176      0.034     -0.523      0.601      -0.083       0.048
annual_inc:160K_195K                    0.1647      0.099      1.663      0.096      -0.029       0.359
mths_since_last_delinq:<3              -0.3667      0.128     -2.875      0.004      -0.617      -0.117
mths_since_last_delinq:3_16            -0.1006      0.045     -2.225      0.026      -0.189      -0.012
mths_since_last_delinq:48_64           -0.1362      0.053     -2.565      0.010      -0.240      -0.032
mths_since_last_delinq:65_70            0.1847      0.100      1.850      0.064      -0.011       0.380
mths_since_last_delinq:70_80           -0.0459      0.078     -0.589      0.556      -0.199       0.107
mths_since_last_record:<36             -0.2530      0.158     -1.604      0.109      -0.562       0.056
mths_since_last_record:37_66           -0.1643      0.079     -2.074      0.038      -0.320      -0.009
mths_since_last_record:122_127         -0.5441      1.022     -0.532      0.594      -2.547       1.459
dti:<1                                 -0.7050      0.101     -6.958      0.000      -0.904      -0.506
dti:1_6                                -0.3046      0.049     -6.169      0.000      -0.401      -0.208
dti:30_40                               0.0010      0.043      0.023      0.982      -0.084       0.086
=======================================================================================================