                           Logit Regression Results                           
==============================================================================
Dep. Variable:               good_bad   No. Observations:               400000
Model:                          Logit   Df Residuals:                   399948
Method:                           MLE   Df Model:                           51
Date:                Wed, 11 Feb 2026   Pseudo R-squ.:                 0.05618
Time:                        21:12:26   Log-Likelihood:                -26390.
converged:                       True   LL-Null:                       -27961.
Covariance Type:            nonrobust   LLR p-value:                     0.000
=======================================================================================================
                                          coef    std err          z      P>|z|      [0.025      0.975]
-------------------------------------------------------------------------------------------------------
const                                   5.2563      0.718      7.316      0.000       3.848       6.664
grade:B                                -0.8014      0.713     -1.124      0.261      -2.199       0.596
grade:C                                -1.3303      0.714     -1.864      0.062      -2.729       0.069
grade:D                                -1.6653      0.714     -2.332      0.020      -3.065      -0.266
grade:E                                -1.6776      0.718     -2.338      0.019      -3.084      -0.271
grade:F_G                              -1.8789      0.721     -2.606      0.009      -3.292      -0.466
home_ownership:RENT                    -0.1901      0.033     -5.829      0.000      -0.254      -0.126
home_ownership:OWN_ANY                 -0.1615      0.045     -3.608      0.000      -0.249      -0.074
addr_state:HI_MS_OK_AL                 -0.1522      0.079     -1.928      0.054      -0.307       0.002
addr_state:NY_FL                       -0.0763      0.048     -1.577      0.115      -0.171       0.019
addr_state:NM_SD_NV                    -0.0144      0.095     -0.152      0.880      -0.200       0.172
addr_state:MD_MI_NC                    -0.0261      0.060     -0.432      0.666      -0.144       0.092
addr_state:AR                           0.0440      0.157      0.280      0.779      -0.264       0.352
addr_state:TX                           0.0343      0.060      0.567      0.571      -0.084       0.153
addr_state:WI_PA_UT_MA_MO_AZ_LA         0.0615      0.054      1.138      0.255      -0.044       0.167
addr_state:VA_OR_IN_TN_MN_NJ_GA_CO      0.1969      0.051      3.880      0.000       0.097       0.296
addr_state:RI_NH_DC_CT_MT_SC_KY         0.3411      0.078      4.359      0.000       0.188       0.495
addr_state:IL_WA                        0.3688      0.075      4.909      0.000       0.222       0.516
addr_state:NE_ND                        0.4074      0.198      2.062      0.039       0.020       0.794
addr_state:OH                           0.4836      0.103      4.709      0.000       0.282       0.685
addr_state:AK_KS_VT_WV_WY_ID_ME_DE      0.7213      0.118      6.117      0.000       0.490       0.952
verification_status:Verified           -0.3810      0.038    -10.138      0.000      -0.455      -0.307
verification_status:Source Verified    -0.2368      0.034     -6.948      0.000      -0.304      -0.170
purpose:sm_bu_mv                       -0.4851      0.082     -5.898      0.000      -0.646      -0.324
purpose:ho_mjr_prch_oth                -0.2273      0.042     -5.464      0.000      -0.309      -0.146
purpose:rnw_eng_wed                    -0.1063      0.507     -0.209      0.834      -1.101       0.888
purpose:med_car                        -0.1855      0.084     -2.213      0.027      -0.350      -0.021
purpose:vac_hm_im                      -0.1292      0.055     -2.343      0.019      -0.237      -0.021
purpose:cr_crd                          0.1157      0.038      3.008      0.003       0.040       0.191
initial_list_status:f                  -0.0363      0.039     -0.919      0.358      -0.114       0.041
term:60                                 0.0454      0.032      1.418      0.156      -0.017       0.108
emp_length:0                           -0.2832      0.053     -5.344      0.000      -0.387      -0.179
emp_length:1_2_3_4                     -0.1487      0.035     -4.266      0.000      -0.217      -0.080
emp_length:5_6_7                       -0.0488      0.046     -1.053      0.292      -0.140       0.042
emp_length:8_9                         -0.1212      0.064     -1.900      0.057      -0.246       0.004
int_rate:<9                             0.7674      0.714      1.074      0.283      -0.633       2.167
int_rate:9_21                           0.5388      0.070      7.646      0.000       0.401       0.677
int_rate:22_26                          0.3741      0.073      5.136      0.000       0.231       0.517
annual_inc:<15K                         0.2373      0.124      1.921      0.055      -0.005       0.479
annual_inc:16K_89K                      0.0127      0.034      0.374      0.709      -0.054       0.079
annual_inc:160K_195K                    0.1565      0.099      1.580      0.114      -0.038       0.351
mths_since_last_delinq:<3              -0.3960      0.128     -3.102      0.002      -0.646      -0.146
mths_since_last_delinq:3_16            -0.1196      0.045     -2.636      0.008      -0.208      -0.031
mths_since_last_delinq:48_64           -0.1416      0.053     -2.667      0.008      -0.246      -0.038
mths_since_last_delinq:65_70            0.1784      0.100      1.787      0.074      -0.017       0.374
mths_since_last_delinq:70_80           -0.0495      0.078     -0.634      0.526      -0.202       0.103
mths_since_last_record:<36             -0.2419      0.158     -1.533      0.125      -0.551       0.067
mths_since_last_record:37_66           -0.1640      0.079     -2.069      0.039      -0.319      -0.009
mths_since_last_record:122_127         -0.5138      1.021     -0.503      0.615      -2.516       1.488
dti:<1                                 -0.6924      0.101     -6.845      0.000      -0.891      -0.494
dti:1_6                                -0.2914      0.049     -5.896      0.000      -0.388      -0.195
dti:30_40                              -0.0053      0.044     -0.122      0.903      -0.091       0.080
=======================================================================================================